0.000000
2.440810
4.881621
7.322431
9.763241
12.204052
14.644862
17.085672
19.526483
21.967293
24.408103
26.848914
29.289724
31.730535
34.171345
36.612155
39.052966
41.493776
43.934586
46.375397
48.816207
51.257017
53.697828
56.138638
58.579448
61.020259
63.461069
65.901879
68.342690
70.783500
73.224310
75.665121
78.105931
80.546742
82.987552
85.428362
87.869173
90.309983
92.750793
95.191604
97.632414
100.073224
102.514035
104.954845
107.395655
109.836466
112.277276
114.718086
117.158897
119.599707
122.040517
124.481328
126.922138
129.362948
131.803759
134.244569
136.685380
139.126190
141.567000
144.007811
146.448621
148.889431
151.330242
153.771052
156.211862
158.652673
161.093483
163.534293
165.975104
168.415914
170.856724
173.297535
175.738345
178.179155
180.619966
183.060776
185.501587
187.942397
190.383207
192.824018
195.264828
197.705638
200.146449
202.587259
205.028069
207.468880
209.909690
212.350500
214.791311
217.232121
219.672931
222.113742
224.554552
226.995362
229.436173
231.876983
234.317794
236.758604
239.199414
241.640225
244.081035
246.521845
248.962656
251.403466
253.844276
256.285087
258.725897
261.166707
263.607518
266.048328
268.489138
270.929949
273.370759
275.811569
278.252380
280.693190
283.134000
285.574811
288.015621
290.456432
292.897242
295.338052
297.778863
300.219673
302.660483
305.101294
307.542104
309.982914
312.423725
314.864535
317.305345
319.746156
322.186966
324.627776
327.068587
329.509397
331.950207
334.391018
336.831828
339.272639
341.713449
344.154259
346.595070
349.035880
351.476690
353.917501
356.358311
358.799121
361.239932
363.680742
366.121552
368.562363
371.003173
373.443983
375.884794
378.325604
380.766414
383.207225
385.648035
388.088845
390.529656
392.970466
395.411277
397.852087
400.292897
402.733708
405.174518
407.615328
410.056139
412.496949
414.937759
417.378570
419.819380
422.260190
424.701001
427.141811
429.582621
432.023432
434.464242
436.905052
439.345863
441.786673
444.227484
446.668294
449.109104
451.549915
453.990725
456.431535
458.872346
461.313156
463.753966
466.194777
468.635587
471.076397
473.517208
475.958018
478.398828
480.839639
483.280449
485.721259
488.162070
490.602880
493.043691
495.484501
497.925311
500.366122
502.806932
505.247742
507.688553
510.129363
512.570173
515.010984
517.451794
519.892604
522.333415
524.774225
527.215035
529.655846
532.096656
534.537466
536.978277
539.419087
541.859897
544.300708
546.741518
549.182329
551.623139
554.063949
556.504760
558.945570
561.386380
563.827191
566.268001
568.708811
571.149622
573.590432
576.031242
578.472053
580.912863
583.353673
585.794484
588.235294
590.676104
593.116915
595.557725
597.998536
600.439346
602.880156
605.320967
607.761777
610.202587
612.643398
615.084208
617.525018
619.965829
622.406639
624.847449
627.288260
629.729070
632.169880
634.610691
637.051501
639.492311
641.933122
644.373932
646.814742
649.255553
651.696363
654.137174
656.577984
659.018794
661.459605
663.900415
666.341225
668.782036
671.222846
673.663656
676.104467
678.545277
680.986087
683.426898
685.867708
688.308518
690.749329
693.190139
695.630949
698.071760
700.512570
702.953381
705.394191
707.835001
710.275812
712.716622
715.157432
717.598243
720.039053
722.479863
724.920674
727.361484
729.802294
732.243105
734.683915
737.124725
739.565536
742.006346
744.447156
746.887967
749.328777
751.769588
754.210398
756.651208
759.092019
761.532829
763.973639
766.414450
768.855260
771.296070
773.736881
776.177691
778.618501
781.059312
783.500122
785.940932
788.381743
790.822553
793.263363
795.704174
798.144984
800.585794
803.026605
805.467415
807.908226
810.349036
812.789846
815.230657
817.671467
820.112277
822.553088
824.993898
827.434708
829.875519
832.316329
834.757139
837.197950
839.638760
842.079570
844.520381
846.961191
849.402001
851.842812
854.283622
856.724433
859.165243
861.606053
864.046864
866.487674
868.928484
871.369295
873.810105
876.250915
878.691726
881.132536
883.573346
886.014157
888.454967
890.895777
893.336588
895.777398
898.218208
900.659019
903.099829
905.540639
907.981450
910.422260
912.863071
915.303881
917.744691
920.185502
922.626312
925.067122
927.507933
929.948743
932.389553
934.830364
937.271174
939.711984
942.152795
944.593605
947.034415
949.475226
951.916036
954.356846
956.797657
959.238467
961.679278
964.120088
966.560898
969.001709
971.442519
973.883329
976.324140
978.764950
981.205760
983.646571
986.087381
988.528191
990.969002
993.409812
995.850622
998.291433
1000.732243
1003.173053
1005.613864
1008.054674
1010.495485
1012.936295
1015.377105
1017.817916
1020.258726
1022.699536
1025.140347
1027.581157
1030.021967
1032.462778
1034.903588
1037.344398
1039.785209
1042.226019
1044.666829
1047.107640
1049.548450
1051.989260
1054.430071
1056.870881
1059.311691
1061.752502
1064.193312
1066.634123
1069.074933
1071.515743
1073.956554
1076.397364
1078.838174
1081.278985
1083.719795
1086.160605
1088.601416
1091.042226
1093.483036
1095.923847
1098.364657
1100.805467
1103.246278
1105.687088
1108.127898
1110.568709
1113.009519
1115.450330
1117.891140
1120.331950
1122.772761
1125.213571
1127.654381
1130.095192
1132.536002
1134.976812
1137.417623
1139.858433
1142.299243
1144.740054
1147.180864
1149.621674
1152.062485
1154.503295
1156.944105
1159.384916
1161.825726
1164.266536
1166.707347
1169.148157
1171.588968
1174.029778
1176.470588
1178.911399
1181.352209
1183.793019
1186.233830
1188.674640
1191.115450
1193.556261
1195.997071
1198.437881
1200.878692
1203.319502
1205.760312
1208.201123
1210.641933
1213.082743
1215.523554
1217.964364
1220.405175
1222.845985
1225.286795
1227.727606
1230.168416
1232.609226
1235.050037
1237.490847
1239.931657
1242.372468
1244.813278
1247.254088
1249.694899
1252.135709
1254.576519
1257.017330
1259.458140
1261.898950
1264.339761
1266.780571
1269.221381
1271.662192
1274.103002
1276.543813
1278.984623
1281.425433
1283.866244
1286.307054
1288.747864
1291.188675
1293.629485
1296.070295
1298.511106
1300.951916
1303.392726
1305.833537
1308.274347
1310.715157
1313.155968
1315.596778
1318.037588
1320.478399
1322.919209
1325.360020
1327.800830
1330.241640
1332.682451
1335.123261
1337.564071
1340.004882
1342.445692
1344.886502
1347.327313
1349.768123
1352.208933
1354.649744
1357.090554
1359.531364
1361.972175
1364.412985
1366.853795
1369.294606
1371.735416
1374.176227
1376.617037
1379.057847
1381.498658
1383.939468
1386.380278
1388.821089
1391.261899
1393.702709
1396.143520
1398.584330
1401.025140
1403.465951
1405.906761
1408.347571
1410.788382
1413.229192
1415.670002
1418.110813
1420.551623
1422.992433
1425.433244
1427.874054
1430.314865
1432.755675
1435.196485
1437.637296
1440.078106
1442.518916
1444.959727
1447.400537
1449.841347
1452.282158
1454.722968
1457.163778
1459.604589
1462.045399
1464.486209
1466.927020
1469.367830
1471.808640
1474.249451
1476.690261
1479.131072
1481.571882
1484.012692
1486.453503
1488.894313
1491.335123
1493.775934
1496.216744
1498.657554
1501.098365
1503.539175
1505.979985
1508.420796
1510.861606
1513.302416
1515.743227
1518.184037
1520.624847
1523.065658
1525.506468
1527.947278
1530.388089
1532.828899
1535.269710
1537.710520
1540.151330
1542.592141
1545.032951
1547.473761
1549.914572
1552.355382
1554.796192
1557.237003
1559.677813
1562.118623
1564.559434
1567.000244
1569.441054
1571.881865
1574.322675
1576.763485
1579.204296
1581.645106
1584.085917
1586.526727
1588.967537
1591.408348
1593.849158
1596.289968
1598.730779
1601.171589
1603.612399
1606.053210
1608.494020
1610.934830
1613.375641
1615.816451
1618.257261
1620.698072
1623.138882
1625.579692
1628.020503
1630.461313
1632.902124
1635.342934
1637.783744
1640.224555
1642.665365
1645.106175
1647.546986
1649.987796
1652.428606
1654.869417
1657.310227
1659.751037
1662.191848
1664.632658
1667.073468
1669.514279
1671.955089
1674.395899
1676.836710
1679.277520
1681.718330
1684.159141
1686.599951
1689.040762
1691.481572
1693.922382
1696.363193
1698.804003
1701.244813
1703.685624
1706.126434
1708.567244
1711.008055
1713.448865
1715.889675
1718.330486
1720.771296
1723.212106
1725.652917
1728.093727
1730.534537
1732.975348
1735.416158
1737.856969
1740.297779
1742.738589
1745.179400
1747.620210
1750.061020
1752.501831
1754.942641
1757.383451
1759.824262
1762.265072
1764.705882
1767.146693
1769.587503
1772.028313
1774.469124
1776.909934
1779.350744
1781.791555
1784.232365
1786.673175
1789.113986
1791.554796
1793.995607
1796.436417
1798.877227
1801.318038
1803.758848
1806.199658
1808.640469
1811.081279
1813.522089
1815.962900
1818.403710
1820.844520
1823.285331
1825.726141
1828.166951
1830.607762
1833.048572
1835.489382
1837.930193
1840.371003
1842.811814
1845.252624
1847.693434
1850.134245
1852.575055
1855.015865
1857.456676
1859.897486
1862.338296
1864.779107
1867.219917
1869.660727
1872.101538
1874.542348
1876.983158
1879.423969
1881.864779
1884.305589
1886.746400
1889.187210
1891.628021
1894.068831
1896.509641
1898.950452
1901.391262
1903.832072
1906.272883
1908.713693
1911.154503
1913.595314
1916.036124
1918.476934
1920.917745
1923.358555
1925.799365
1928.240176
1930.680986
1933.121796
1935.562607
1938.003417
1940.444227
1942.885038
1945.325848
1947.766659
1950.207469
1952.648279
1955.089090
1957.529900
1959.970710
1962.411521
1964.852331
1967.293141
1969.733952
1972.174762
1974.615572
1977.056383
1979.497193
1981.938003
1984.378814
1986.819624
1989.260434
1991.701245
1994.142055
1996.582866
1999.023676
2001.464486
2003.905297
2006.346107
2008.786917
2011.227728
2013.668538
2016.109348
2018.550159
2020.990969
2023.431779
2025.872590
2028.313400
2030.754210
2033.195021
2035.635831
2038.076641
2040.517452
2042.958262
2045.399072
2047.839883
2050.280693
2052.721504
2055.162314
2057.603124
2060.043935
2062.484745
2064.925555
2067.366366
2069.807176
2072.247986
2074.688797
2077.129607
2079.570417
2082.011228
2084.452038
2086.892848
2089.333659
2091.774469
2094.215279
2096.656090
2099.096900
2101.537711
2103.978521
2106.419331
2108.860142
2111.300952
2113.741762
2116.182573
2118.623383
2121.064193
2123.505004
2125.945814
2128.386624
2130.827435
2133.268245
2135.709055
2138.149866
2140.590676
2143.031486
2145.472297
2147.913107
2150.353918
2152.794728
2155.235538
2157.676349
2160.117159
2162.557969
2164.998780
2167.439590
2169.880400
2172.321211
2174.762021
2177.202831
2179.643642
2182.084452
2184.525262
2186.966073
2189.406883
2191.847693
2194.288504
2196.729314
2199.170124
2201.610935
2204.051745
2206.492556
2208.933366
2211.374176
2213.814987
2216.255797
2218.696607
2221.137418
2223.578228
2226.019038
2228.459849
2230.900659
2233.341469
2235.782280
2238.223090
2240.663900
2243.104711
2245.545521
2247.986331
2250.427142
2252.867952
2255.308763
2257.749573
2260.190383
2262.631194
2265.072004
2267.512814
2269.953625
2272.394435
2274.835245
2277.276056
2279.716866
2282.157676
2284.598487
2287.039297
2289.480107
2291.920918
2294.361728
2296.802538
2299.243349
2301.684159
2304.124969
2306.565780
2309.006590
2311.447401
2313.888211
2316.329021
2318.769832
2321.210642
2323.651452
2326.092263
2328.533073
2330.973883
2333.414694
2335.855504
2338.296314
2340.737125
2343.177935
2345.618745
2348.059556
2350.500366
2352.941176
2355.381987
2357.822797
2360.263608
2362.704418
2365.145228
2367.586039
2370.026849
2372.467659
2374.908470
2377.349280
2379.790090
2382.230901
2384.671711
2387.112521
2389.553332
2391.994142
2394.434952
2396.875763
2399.316573
2401.757383
2404.198194
2406.639004
2409.079814
2411.520625
2413.961435
2416.402246
2418.843056
2421.283866
2423.724677
2426.165487
2428.606297
2431.047108
2433.487918
2435.928728
2438.369539
2440.810349
2443.251159
2445.691970
2448.132780
2450.573590
2453.014401
2455.455211
2457.896021
2460.336832
2462.777642
2465.218453
2467.659263
2470.100073
2472.540884
2474.981694
2477.422504
2479.863315
2482.304125
2484.744935
2487.185746
2489.626556
2492.067366
2494.508177
2496.948987
2499.389797
2501.830608
2504.271418
2506.712228
2509.153039
2511.593849
2514.034660
2516.475470
2518.916280
2521.357091
2523.797901
2526.238711
2528.679522
2531.120332
2533.561142
2536.001953
2538.442763
2540.883573
2543.324384
2545.765194
2548.206004
2550.646815
2553.087625
2555.528435
2557.969246
2560.410056
2562.850866
2565.291677
2567.732487
2570.173298
2572.614108
2575.054918
2577.495729
2579.936539
2582.377349
2584.818160
2587.258970
2589.699780
2592.140591
2594.581401
2597.022211
2599.463022
2601.903832
2604.344642
2606.785453
2609.226263
2611.667073
2614.107884
2616.548694
2618.989505
2621.430315
2623.871125
2626.311936
2628.752746
2631.193556
2633.634367
2636.075177
2638.515987
2640.956798
2643.397608
2645.838418
2648.279229
2650.720039
2653.160849
2655.601660
2658.042470
2660.483280
2662.924091
2665.364901
2667.805711
2670.246522
2672.687332
2675.128143
2677.568953
2680.009763
2682.450574
2684.891384
2687.332194
2689.773005
2692.213815
2694.654625
2697.095436
2699.536246
2701.977056
2704.417867
2706.858677
2709.299487
2711.740298
2714.181108
2716.621918
2719.062729
2721.503539
2723.944350
2726.385160
2728.825970
2731.266781
2733.707591
2736.148401
2738.589212
2741.030022
2743.470832
2745.911643
2748.352453
2750.793263
2753.234074
2755.674884
2758.115694
2760.556505
2762.997315
2765.438125
2767.878936
2770.319746
2772.760557
2775.201367
2777.642177
2780.082988
2782.523798
2784.964608
2787.405419
2789.846229
2792.287039
2794.727850
2797.168660
2799.609470
2802.050281
2804.491091
2806.931901
2809.372712
2811.813522
2814.254332
2816.695143
2819.135953
2821.576763
2824.017574
2826.458384
2828.899195
2831.340005
2833.780815
2836.221626
2838.662436
2841.103246
2843.544057
2845.984867
2848.425677
2850.866488
2853.307298
2855.748108
2858.188919
2860.629729
2863.070539
2865.511350
2867.952160
2870.392970
2872.833781
2875.274591
2877.715402
2880.156212
2882.597022
2885.037833
2887.478643
2889.919453
2892.360264
2894.801074
2897.241884
2899.682695
2902.123505
2904.564315
2907.005126
2909.445936
2911.886746
2914.327557
2916.768367
2919.209177
2921.649988
2924.090798
2926.531608
2928.972419
2931.413229
2933.854040
2936.294850
2938.735660
2941.176471
2943.617281
2946.058091
2948.498902
2950.939712
2953.380522
2955.821333
2958.262143
2960.702953
2963.143764
2965.584574
2968.025384
2970.466195
2972.907005
2975.347815
2977.788626
2980.229436
2982.670247
2985.111057
2987.551867
2989.992678
2992.433488
2994.874298
2997.315109
2999.755919
3002.196729
3004.637540
3007.078350
3009.519160
3011.959971
3014.400781
3016.841591
3019.282402
3021.723212
3024.164022
3026.604833
3029.045643
3031.486454
3033.927264
3036.368074
3038.808885
3041.249695
3043.690505
3046.131316
3048.572126
3051.012936
3053.453747
3055.894557
3058.335367
3060.776178
3063.216988
3065.657798
3068.098609
3070.539419
3072.980229
3075.421040
3077.861850
3080.302660
3082.743471
3085.184281
3087.625092
3090.065902
3092.506712
3094.947523
3097.388333
3099.829143
3102.269954
3104.710764
3107.151574
3109.592385
3112.033195
3114.474005
3116.914816
3119.355626
3121.796436
3124.237247
3126.678057
3129.118867
3131.559678
3134.000488
3136.441299
3138.882109
3141.322919
3143.763730
3146.204540
3148.645350
3151.086161
3153.526971
3155.967781
3158.408592
3160.849402
3163.290212
3165.731023
3168.171833
3170.612643
3173.053454
3175.494264
3177.935074
3180.375885
3182.816695
3185.257505
3187.698316
3190.139126
3192.579937
3195.020747
3197.461557
3199.902368
3202.343178
3204.783988
3207.224799
3209.665609
3212.106419
3214.547230
3216.988040
3219.428850
3221.869661
3224.310471
3226.751281
3229.192092
3231.632902
3234.073712
3236.514523
3238.955333
3241.396144
3243.836954
3246.277764
3248.718575
3251.159385
3253.600195
3256.041006
3258.481816
3260.922626
3263.363437
3265.804247
3268.245057
3270.685868
3273.126678
3275.567488
3278.008299
3280.449109
3282.889919
3285.330730
3287.771540
3290.212351
3292.653161
3295.093971
3297.534782
3299.975592
3302.416402
3304.857213
3307.298023
3309.738833
3312.179644
3314.620454
3317.061264
3319.502075
3321.942885
3324.383695
3326.824506
3329.265316
3331.706126
3334.146937
3336.587747
3339.028557
3341.469368
3343.910178
3346.350989
3348.791799
3351.232609
3353.673420
3356.114230
3358.555040
3360.995851
3363.436661
3365.877471
3368.318282
3370.759092
3373.199902
3375.640713
3378.081523
3380.522333
3382.963144
3385.403954
3387.844764
3390.285575
3392.726385
3395.167196
3397.608006
3400.048816
3402.489627
3404.930437
3407.371247
3409.812058
3412.252868
3414.693678
3417.134489
3419.575299
3422.016109
3424.456920
3426.897730
3429.338540
3431.779351
3434.220161
3436.660971
3439.101782
3441.542592
3443.983402
3446.424213
3448.865023
3451.305834
3453.746644
3456.187454
3458.628265
3461.069075
3463.509885
3465.950696
3468.391506
3470.832316
3473.273127
3475.713937
3478.154747
3480.595558
3483.036368
3485.477178
3487.917989
3490.358799
3492.799609
3495.240420
3497.681230
3500.122041
3502.562851
3505.003661
3507.444472
3509.885282
3512.326092
3514.766903
3517.207713
3519.648523
3522.089334
3524.530144
3526.970954
3529.411765
3531.852575
3534.293385
3536.734196
3539.175006
3541.615816
3544.056627
3546.497437
3548.938247
3551.379058
3553.819868
3556.260679
3558.701489
3561.142299
3563.583110
3566.023920
3568.464730
3570.905541
3573.346351
3575.787161
3578.227972
3580.668782
3583.109592
3585.550403
3587.991213
3590.432023
3592.872834
3595.313644
3597.754454
3600.195265
3602.636075
3605.076886
3607.517696
3609.958506
3612.399317
3614.840127
3617.280937
3619.721748
3622.162558
3624.603368
3627.044179
3629.484989
3631.925799
3634.366610
3636.807420
3639.248230
3641.689041
3644.129851
3646.570661
3649.011472
3651.452282
3653.893093
3656.333903
3658.774713
3661.215524
3663.656334
3666.097144
3668.537955
3670.978765
3673.419575
3675.860386
3678.301196
3680.742006
3683.182817
3685.623627
3688.064437
3690.505248
3692.946058
3695.386868
3697.827679
3700.268489
3702.709299
3705.150110
3707.590920
3710.031731
3712.472541
3714.913351
3717.354162
3719.794972
3722.235782
3724.676593
3727.117403
3729.558213
3731.999024
3734.439834
3736.880644
3739.321455
3741.762265
3744.203075
3746.643886
3749.084696
3751.525506
3753.966317
3756.407127
3758.847938
3761.288748
3763.729558
3766.170369
3768.611179
3771.051989
3773.492800
3775.933610
3778.374420
3780.815231
3783.256041
3785.696851
3788.137662
3790.578472
3793.019282
3795.460093
3797.900903
3800.341713
3802.782524
3805.223334
3807.664144
3810.104955
3812.545765
3814.986576
3817.427386
3819.868196
3822.309007
3824.749817
3827.190627
3829.631438
3832.072248
3834.513058
3836.953869
3839.394679
3841.835489
3844.276300
3846.717110
3849.157920
3851.598731
3854.039541
3856.480351
3858.921162
3861.361972
3863.802783
3866.243593
3868.684403
3871.125214
3873.566024
3876.006834
3878.447645
3880.888455
3883.329265
3885.770076
3888.210886
3890.651696
3893.092507
3895.533317
3897.974127
3900.414938
3902.855748
3905.296558
3907.737369
3910.178179
3912.618990
3915.059800
3917.500610
3919.941421
3922.382231
3924.823041
3927.263852
3929.704662
3932.145472
3934.586283
3937.027093
3939.467903
3941.908714
3944.349524
3946.790334
3949.231145
3951.671955
3954.112765
3956.553576
3958.994386
3961.435196
3963.876007
3966.316817
3968.757628
3971.198438
3973.639248
3976.080059
3978.520869
3980.961679
3983.402490
3985.843300
3988.284110
3990.724921
3993.165731
3995.606541
3998.047352
4000.488162
4002.928972
4005.369783
4007.810593
4010.251403
4012.692214
4015.133024
4017.573835
4020.014645
4022.455455
4024.896266
4027.337076
4029.777886
4032.218697
4034.659507
4037.100317
4039.541128
4041.981938
4044.422748
4046.863559
4049.304369
4051.745179
4054.185990
4056.626800
4059.067610
4061.508421
4063.949231
4066.390041
4068.830852
4071.271662
4073.712473
4076.153283
4078.594093
4081.034904
4083.475714
4085.916524
4088.357335
4090.798145
4093.238955
4095.679766
4098.120576
4100.561386
4103.002197
4105.443007
4107.883817
4110.324628
4112.765438
4115.206248
4117.647059
4120.087869
4122.528680
4124.969490
4127.410300
4129.851111
4132.291921
4134.732731
4137.173542
4139.614352
4142.055162
4144.495973
4146.936783
4149.377593
4151.818404
4154.259214
4156.700024
4159.140835
4161.581645
4164.022455
4166.463266
4168.904076
4171.344887
4173.785697
4176.226507
4178.667318
4181.108128
4183.548938
4185.989749
4188.430559
4190.871369
4193.312180
4195.752990
4198.193800
4200.634611
4203.075421
4205.516231
4207.957042
4210.397852
4212.838662
4215.279473
4217.720283
4220.161093
4222.601904
4225.042714
4227.483525
4229.924335
4232.365145
4234.805956
4237.246766
4239.687576
4242.128387
4244.569197
4247.010007
4249.450818
4251.891628
4254.332438
4256.773249
4259.214059
4261.654869
4264.095680
4266.536490
4268.977300
4271.418111
4273.858921
4276.299732
4278.740542
4281.181352
4283.622163
4286.062973
4288.503783
4290.944594
4293.385404
4295.826214
4298.267025
4300.707835
4303.148645
4305.589456
4308.030266
4310.471076
4312.911887
4315.352697
4317.793507
4320.234318
4322.675128
4325.115938
4327.556749
4329.997559
4332.438370
4334.879180
4337.319990
4339.760801
4342.201611
4344.642421
4347.083232
4349.524042
4351.964852
4354.405663
4356.846473
4359.287283
4361.728094
4364.168904
4366.609714
4369.050525
4371.491335
4373.932145
4376.372956
4378.813766
4381.254577
4383.695387
4386.136197
4388.577008
4391.017818
4393.458628
4395.899439
4398.340249
4400.781059
4403.221870
4405.662680
4408.103490
4410.544301
4412.985111
4415.425921
4417.866732
4420.307542
4422.748352
4425.189163
4427.629973
4430.070784
4432.511594
4434.952404
4437.393215
4439.834025
4442.274835
4444.715646
4447.156456
4449.597266
4452.038077
4454.478887
4456.919697
4459.360508
4461.801318
4464.242128
4466.682939
4469.123749
4471.564559
4474.005370
4476.446180
4478.886990
4481.327801
4483.768611
4486.209422
4488.650232
4491.091042
4493.531853
4495.972663
4498.413473
4500.854284
4503.295094
4505.735904
4508.176715
4510.617525
4513.058335
4515.499146
4517.939956
4520.380766
4522.821577
4525.262387
4527.703197
4530.144008
4532.584818
4535.025629
4537.466439
4539.907249
4542.348060
4544.788870
4547.229680
4549.670491
4552.111301
4554.552111
4556.992922
4559.433732
4561.874542
4564.315353
4566.756163
4569.196973
4571.637784
4574.078594
4576.519404
4578.960215
4581.401025
4583.841835
4586.282646
4588.723456
4591.164267
4593.605077
4596.045887
4598.486698
4600.927508
4603.368318
4605.809129
4608.249939
4610.690749
4613.131560
4615.572370
4618.013180
4620.453991
4622.894801
4625.335611
4627.776422
4630.217232
4632.658042
4635.098853
4637.539663
4639.980474
4642.421284
4644.862094
4647.302905
4649.743715
4652.184525
4654.625336
4657.066146
4659.506956
4661.947767
4664.388577
4666.829387
4669.270198
4671.711008
4674.151818
4676.592629
4679.033439
4681.474249
4683.915060
4686.355870
4688.796680
4691.237491
4693.678301
4696.119112
4698.559922
4701.000732
4703.441543
4705.882353
4708.323163
4710.763974
4713.204784
4715.645594
4718.086405
4720.527215
4722.968025
4725.408836
4727.849646
4730.290456
4732.731267
4735.172077
4737.612887
4740.053698
4742.494508
4744.935319
4747.376129
4749.816939
4752.257750
4754.698560
4757.139370
4759.580181
4762.020991
4764.461801
4766.902612
4769.343422
4771.784232
4774.225043
4776.665853
4779.106663
4781.547474
4783.988284
4786.429094
4788.869905
4791.310715
4793.751526
4796.192336
4798.633146
4801.073957
4803.514767
4805.955577
4808.396388
4810.837198
4813.278008
4815.718819
4818.159629
4820.600439
4823.041250
4825.482060
4827.922870
4830.363681
4832.804491
4835.245301
4837.686112
4840.126922
4842.567732
4845.008543
4847.449353
4849.890164
4852.330974
4854.771784
4857.212595
4859.653405
4862.094215
4864.535026
4866.975836
4869.416646
4871.857457
4874.298267
4876.739077
4879.179888
4881.620698
4884.061508
4886.502319
4888.943129
4891.383939
4893.824750
4896.265560
4898.706371
4901.147181
4903.587991
4906.028802
4908.469612
4910.910422
4913.351233
4915.792043
4918.232853
4920.673664
4923.114474
4925.555284
4927.996095
4930.436905
4932.877715
4935.318526
4937.759336
4940.200146
4942.640957
4945.081767
4947.522577
4949.963388
4952.404198
4954.845009
4957.285819
4959.726629
4962.167440
4964.608250
4967.049060
4969.489871
4971.930681
4974.371491
4976.812302
4979.253112
4981.693922
4984.134733
4986.575543
4989.016353
4991.457164
4993.897974
4996.338784
4998.779595
