0.000000
1.071570
1.796926
1.946726
1.484450
0.575219
-0.474584
-1.324470
-1.715165
-1.551624
-0.925926
-0.074623
0.711252
1.189144
1.243508
0.913366
0.362453
-0.192874
-0.567984
-0.673831
-0.537541
-0.275181
-0.031346
0.087287
0.056193
-0.062791
-0.157605
-0.125493
0.071052
0.377515
0.663112
0.774303
0.604684
0.151674
-0.465694
-1.038908
-1.343026
-1.224332
-0.668565
0.178754
1.051418
1.650172
1.748835
1.280302
0.369580
-0.700642
-1.582011
-1.978873
-1.751284
-0.965708
0.125333
1.168131
1.827545
1.899618
1.377747
0.449995
-0.570128
-1.353556
-1.666597
-1.444098
-0.800831
0.019889
0.738801
1.139125
1.135175
0.788419
0.268988
-0.218881
-0.516522
-0.564708
-0.412762
-0.182777
-0.006885
0.034389
-0.053702
-0.187381
-0.248933
-0.148404
0.125377
0.488165
0.787495
0.864541
0.626041
0.095931
-0.577082
-1.163064
-1.432160
-1.244133
-0.611412
0.290862
1.175327
1.738186
1.767076
1.221748
0.256770
-0.824284
-1.668893
-1.995552
-1.691339
-0.852214
0.248690
1.253867
1.842658
1.838291
1.263586
0.326944
-0.654704
-1.367101
-1.603898
-1.329288
-0.678105
0.103292
0.750776
1.075063
1.019736
0.666037
0.186771
-0.229285
-0.451108
-0.448656
-0.290744
-0.101760
0.001945
-0.032367
-0.170347
-0.309017
-0.328738
-0.155659
0.193464
0.605387
0.908729
0.943122
0.631721
0.026523
-0.694860
-1.283876
-1.509503
-1.248235
-0.540694
0.409178
1.295699
1.814280
1.769601
1.149732
0.137934
-0.944197
-1.743726
-1.996499
-1.618035
-0.732877
0.368125
1.327426
1.842026
1.763712
1.143767
0.208006
-0.726978
-1.364892
-1.528055
-1.209007
-0.559683
0.174270
0.746990
0.997969
0.899010
0.548150
0.117101
-0.223921
-0.372774
-0.327505
-0.173410
-0.033408
-0.004995
-0.111928
-0.291904
-0.425779
-0.395761
-0.147144
0.274240
0.727330
1.024901
1.008805
0.621632
-0.055455
-0.817171
-1.399440
-1.573836
-1.236574
-0.457528
0.531837
1.410636
1.877253
1.756369
1.065390
0.014946
-1.058489
-1.805328
-1.981699
-1.532531
-0.609580
0.481754
1.387648
1.825661
1.677058
1.020180
0.095058
-0.785811
-1.346963
-1.440266
-1.085149
-0.447433
0.231704
0.727500
0.909059
0.774902
0.436617
0.061075
-0.202874
-0.282756
-0.203166
-0.062611
0.021202
-0.027596
-0.203039
-0.416455
-0.535827
-0.448945
-0.122993
0.366430
0.852073
1.134180
1.060555
0.595934
-0.148709
-0.942086
-1.507932
-1.624144
-1.209333
-0.363224
0.656905
1.518325
1.926111
1.727590
0.970051
-0.110254
-1.165358
-1.852729
-1.951386
-1.436172
-0.484267
0.587785
1.433584
1.793819
1.579695
0.894774
-0.010120
-0.830275
-1.313598
-1.341915
-0.959670
-0.343126
0.274688
0.692616
0.809733
0.649369
0.333197
0.019577
-0.166476
-0.182473
-0.077599
0.039906
0.061207
-0.065501
-0.304264
-0.542036
-0.637424
-0.487451
-0.083586
0.468581
0.977647
1.234841
1.097556
0.555032
-0.251770
-1.067635
-1.607642
-1.659635
-1.166943
-0.259269
0.782408
1.617068
1.960085
1.683718
0.865220
-0.235692
-1.263118
-1.885181
-1.906038
-1.330480
-0.358914
0.684547
1.464509
1.747003
1.473160
0.769526
-0.105868
-0.859668
-1.265321
-1.234552
-0.834547
-0.248407
0.302544
0.642886
0.701560
0.524390
0.239521
-0.006739
-0.115302
-0.073507
0.047215
0.132524
0.085978
-0.118113
-0.414006
-0.666666
-0.728969
-0.510673
-0.029546
0.579082
1.102074
1.325298
1.119225
0.499572
-0.363011
-1.191838
-1.696998
-1.679747
-1.110071
-0.147304
0.906368
1.705308
1.978639
1.625443
0.752549
-0.359390
-1.350228
-1.902172
-1.846371
-1.217121
-0.235499
0.770513
1.479935
1.685952
1.359131
0.646413
-0.190677
-0.873527
-1.202896
-1.119870
-0.711754
-0.164768
0.314834
0.579096
0.586245
0.401938
0.157066
-0.017457
-0.050158
0.042424
0.169308
0.213782
0.095122
-0.184601
-0.530534
-0.788379
-0.809017
-0.518243
0.038276
0.696189
1.223389
1.404125
1.125220
0.430427
-0.480680
-1.312736
-1.774589
-1.684165
-1.039614
-0.029094
1.026830
1.781652
1.981479
1.553686
0.633815
-0.479396
-1.425313
-1.903435
-1.773324
-1.097883
-0.115967
0.844328
1.479619
1.611627
1.239407
0.527374
-0.263209
-0.871633
-1.127305
-0.999680
-0.593228
-0.093530
0.311363
0.502252
0.465607
0.283942
0.087133
-0.012408
0.027929
0.163492
0.286754
0.282399
0.088497
-0.263918
-0.652011
-0.905258
-0.876307
-0.510043
0.118809
0.818057
1.339681
1.470076
1.115445
0.348689
-0.602919
-1.428423
-1.839193
-1.672818
-0.956685
0.093497
1.141893
1.844898
1.968561
1.469578
0.510892
-0.593818
-1.487191
-1.888948
-1.688051
-0.974646
-0.002204
0.904827
1.463567
1.525202
1.115876
0.414288
-0.322321
-0.854017
-1.039742
-0.875875
-0.480837
-0.035815
0.292185
0.413564
0.341547
0.172264
0.030825
0.008327
0.117727
0.287786
0.397701
0.337292
0.066207
-0.354811
-0.776522
-1.015457
-0.929776
-0.486201
0.210785
0.942763
1.449115
1.522114
1.090056
0.255646
-0.727801
-1.537074
-1.889790
-1.645886
-0.862589
0.218535
1.249745
1.894047
1.940090
1.374445
0.385717
-0.700852
-1.534884
-1.858942
-1.591895
-0.849354
0.103996
0.951057
1.432031
1.428039
0.990487
0.308939
-0.367079
-0.820955
-0.941587
-0.750408
-0.376354
0.007465
0.257604
0.314432
0.216023
0.068666
-0.010971
0.044423
0.217820
0.413348
0.500400
0.377596
0.028603
-0.455849
-0.902101
-1.117239
-0.968583
-0.447095
0.312752
1.068340
1.549965
1.559417
1.049453
0.152766
-0.853356
-1.636975
-1.925583
-1.603792
-0.758813
0.344049
1.348682
1.928325
1.896513
1.269788
0.260264
-0.798810
-1.567640
-1.813889
-1.486374
-0.723983
0.200959
0.982287
1.385508
1.321671
0.865217
0.212986
-0.396779
-0.772971
-0.834388
-0.625259
-0.281428
0.035629
0.208165
0.206420
0.091014
-0.025220
-0.037595
0.095309
0.326629
0.538196
0.593230
0.402676
-0.023722
-0.565437
-1.026769
-1.209000
-0.992115
-0.393339
0.423102
1.192809
1.640641
1.581397
0.994276
0.041671
-0.977605
-1.726552
-1.946008
-1.547202
-0.646991
0.468059
1.437146
1.947190
1.838518
1.157256
0.136512
-0.886147
-1.584944
-1.754499
-1.373151
-0.600510
0.287155
0.998027
1.324732
1.207774
0.742041
0.127945
-0.410952
-0.710819
-0.719835
-0.502400
-0.197554
0.048233
0.144647
0.091230
-0.031508
-0.107913
-0.048628
0.160183
0.442438
0.660363
0.674729
0.412136
-0.089942
-0.681848
-1.148561
-1.289291
-1.000000
-0.325784
0.540095
1.314206
1.719712
1.587706
0.925395
-0.075886
-1.098589
-1.804392
-1.950741
-1.477007
-0.528888
0.588610
1.513741
1.950346
1.767020
1.038626
0.016414
-0.961485
-1.586522
-1.681709
-1.254012
-0.480882
0.361225
0.998027
1.250662
1.088146
0.622902
0.055155
-0.409374
-0.635481
-0.599737
-0.383770
-0.126056
0.045077
0.068052
-0.029320
-0.149611
-0.178108
-0.043895
0.238022
0.563421
0.777920
0.743609
0.405826
-0.169014
-0.803245
-1.265554
-1.356847
-0.992115
-0.245492
0.661886
1.430616
1.785932
1.578247
0.843897
-0.198053
-1.214398
-1.869266
-1.939708
-1.394315
-0.406365
0.703800
1.577259
1.937742
1.683147
0.915767
-0.098139
-1.023637
-1.572350
-1.596668
-1.130837
-0.366985
0.422000
0.982287
1.164467
0.964673
0.509680
-0.004235
-0.392070
-0.548144
-0.475985
-0.271239
-0.068062
0.026212
-0.020412
-0.153331
-0.261433
-0.234698
-0.023470
0.327599
0.687670
0.889015
0.798787
0.383846
-0.259689
-0.927713
-1.375904
-1.410602
-0.968583
-0.153732
0.786555
1.540204
1.838257
1.553167
0.751066
-0.322901
-1.323207
-1.920152
-1.913084
-1.300429
-0.281357
0.811812
1.626698
1.909578
1.588220
0.790618
-0.205338
-1.071622
-1.542650
-1.500716
-1.005566
-0.260617
0.468523
0.951057
1.067504
0.839301
0.404158
-0.049288
-0.359313
-0.450186
-0.350533
-0.166582
-0.024485
-0.008066
-0.119350
-0.278845
-0.365210
-0.276792
0.012323
0.427501
0.813226
0.991895
0.839390
0.346544
-0.360539
-1.053291
-1.477871
-1.449709
-0.929776
-0.051949
0.912134
1.641242
1.875861
1.512862
0.648367
-0.448463
-1.423299
-1.956247
-1.871288
-1.196830
-0.155833
0.910944
1.661279
1.866298
1.483738
0.665152
-0.303493
-1.104683
-1.497891
-1.395366
-0.880177
-0.163454
0.500060
0.904827
0.961303
0.714009
0.308003
-0.079294
-0.311620
-0.343152
-0.225357
-0.071449
0.003987
-0.057215
-0.227201
-0.403883
-0.459305
-0.303724
0.062920
0.536152
0.938108
1.084938
0.864779
0.294506
-0.469973
-1.177997
-1.569846
-1.473550
-0.876307
0.058250
1.036644
1.732136
1.898152
1.457969
0.537420
-0.572757
-1.513097
-1.976983
-1.814980
-1.085152
-0.031773
0.999631
1.680457
1.808583
1.371347
0.541347
-0.391056
-1.122300
-1.438780
-1.282280
-0.756647
-0.077028
0.516112
0.844328
0.847540
0.590773
0.222729
-0.093780
-0.249743
-0.228729
-0.102434
0.012660
0.016904
-0.120461
-0.342265
-0.526474
-0.542235
-0.315071
0.127524
0.651839
1.060347
1.166676
0.874553
0.228554
-0.586265
-1.299864
-1.650380
-1.481751
-0.809017
0.175128
1.158122
1.811452
1.904777
1.389352
0.419974
-0.693825
-1.591184
-1.982031
-1.745047
-0.967156
0.088865
1.076476
1.683928
1.737345
1.252820
0.421156
-0.466646
-1.124193
-1.366248
-1.163241
-0.636923
-0.002704
0.516428
0.770513
0.728008
0.471534
0.149683
-0.092518
-0.174657
-0.108723
0.016300
0.084417
0.014064
-0.196805
-0.462726
-0.644684
-0.612691
-0.310653
0.205115
0.772737
1.178015
1.235821
0.868559
0.149728
-0.707580
-1.416972
-1.718202
-1.474180
-0.728969
0.296842
1.274650
1.877941
1.895632
1.308094
0.297881
-0.809756
-1.656328
-1.971313
-1.662592
-0.844704
0.204181
1.140266
1.671639
1.653706
1.130028
0.306475
-0.529072
-1.110334
-1.281439
-1.040128
-0.522894
0.058348
0.501001
0.684547
0.604593
0.358176
0.090015
-0.075527
-0.087548
0.014974
0.128971
0.142691
-0.004489
-0.285045
-0.586686
-0.756649
-0.669563
-0.290540
0.294471
0.896940
1.289257
1.291281
0.846890
0.059271
-0.832007
-1.527472
-1.772242
-1.450959
-0.637424
0.421472
1.384392
1.930552
1.870861
1.215477
0.173067
-0.918722
-1.707503
-1.944998
-1.568916
-0.719726
0.312354
1.189996
1.643782
1.558987
1.004905
0.199112
-0.577349
-1.080941
-1.185690
-0.914880
-0.416358
0.105163
0.470076
0.587785
0.479240
0.252484
0.044667
-0.043075
0.010213
0.140412
0.233802
0.186564
-0.038463
-0.383788
-0.712190
-0.860604
-0.711954
-0.255050
0.394181
1.022489
1.392317
1.332183
0.809889
-0.041391
-0.957581
-1.629623
-1.811649
-1.412452
-0.535827
0.547052
1.485617
1.968457
1.830856
1.112960
0.047501
-1.019005
-1.743901
-1.903500
-1.465496
-0.594193
0.411679
1.224880
1.600798
1.454680
0.879425
0.100760
-0.610714
-1.036478
-1.080513
-0.789474
-0.318995
0.137005
0.424141
0.481754
0.353927
0.156125
0.014355
0.004326
0.117081
0.265612
0.329141
0.215343
-0.087322
-0.491477
-0.837257
-0.954908
-0.739194
-0.204742
0.502673
1.147404
1.485572
1.357881
0.758138
-0.150669
-1.082324
-1.721813
-1.835800
-1.359268
-0.425779
0.671603
1.576728
1.991058
1.776246
1.002161
-0.076839
-1.109023
-1.764947
-1.847474
-1.353963
-0.470085
0.500590
1.244369
1.543364
1.342430
0.755568
0.012971
-0.628643
-0.977645
-0.967564
-0.665887
-0.232341
0.153371
0.363918
0.368125
0.230630
0.070620
-0.000445
0.065928
0.231373
0.388600
0.413483
0.228574
-0.150294
-0.606414
-0.959916
-1.038074
-0.750855
-0.140409
0.618237
1.269715
1.567549
1.367970
0.692455
-0.266842
-1.204268
-1.802589
-1.844315
-1.292245
-0.309017
0.793160
1.656289
1.997998
1.707894
0.884827
-0.197990
-1.187357
-1.770311
-1.777803
-1.236076
-0.349359
0.577684
1.248156
1.472386
1.224008
0.635286
-0.062871
-0.630852
-0.905371
-0.848627
-0.546068
-0.157763
0.154002
0.290359
0.248690
0.111294
-0.002683
0.000502
0.140761
0.351286
0.507436
0.485499
0.226049
-0.226388
-0.726786
-1.078232
-1.108792
-0.746753
-0.063066
0.739049
1.387493
1.636957
1.362291
0.613875
-0.388075
-1.321489
-1.870676
-1.837060
-1.212440
-0.187381
0.909806
1.723045
1.989168
1.626877
0.762808
-0.314042
-1.252771
-1.759908
-1.695587
-1.113694
-0.233919
0.641745
1.236181
1.388983
1.101282
0.520477
-0.125571
-0.617307
-0.820795
-0.725576
-0.431907
-0.096436
0.138889
0.204623
0.125333
-0.002201
-0.062628
0.017180
0.227643
0.474929
0.620246
0.544053
0.207808
-0.314403
-0.850695
-1.190340
-1.165945
-0.726952
0.026068
0.863205
1.498880
1.692701
1.340933
0.523637
-0.512458
-1.432139
-1.925001
-1.814149
-1.121112
-0.062791
1.019701
1.775943
1.964707
1.534473
0.638030
-0.423164
-1.304233
-1.733901
-1.602121
-0.988747
-0.125586
0.691764
1.208632
1.294471
0.976187
0.412950
-0.174138
-0.588221
-0.725251
-0.600351
-0.325204
-0.049327
0.108270
0.108063
-0.000000
-0.108063
-0.108270
0.049327
0.325204
0.600351
0.725251
0.588221
0.174138
-0.412950
-0.976187
-1.294471
-1.208632
-0.691764
0.125586
0.988747
1.602121
1.733901
1.304233
0.423164
-0.638030
-1.534473
-1.964707
-1.775943
-1.019701
0.062791
1.121112
1.814149
1.925001
1.432139
0.512458
-0.523637
-1.340933
-1.692701
-1.498880
-0.863205
-0.026068
0.726952
1.165945
1.190340
0.850695
0.314403
-0.207808
-0.544053
-0.620246
-0.474929
-0.227643
-0.017180
0.062628
0.002201
-0.125333
-0.204623
-0.138889
0.096436
0.431907
0.725576
0.820795
0.617307
0.125571
-0.520477
-1.101282
-1.388983
-1.236181
-0.641745
0.233919
1.113694
1.695587
1.759908
1.252771
0.314042
-0.762808
-1.626877
-1.989168
-1.723045
-0.909806
0.187381
1.212440
1.837060
1.870676
1.321489
0.388075
-0.613875
-1.362291
-1.636957
-1.387493
-0.739049
0.063066
0.746753
1.108792
1.078232
0.726786
0.226388
-0.226049
-0.485499
-0.507436
-0.351286
-0.140761
-0.000502
0.002683
-0.111294
-0.248690
-0.290359
-0.154002
0.157763
0.546068
0.848627
0.905371
0.630852
0.062871
-0.635286
-1.224008
-1.472386
-1.248156
-0.577684
0.349359
1.236076
1.777803
1.770311
1.187357
0.197990
-0.884827
-1.707894
-1.997998
-1.656289
-0.793160
0.309017
1.292245
1.844315
1.802589
1.204268
0.266842
-0.692455
-1.367970
-1.567549
-1.269715
-0.618237
0.140409
0.750855
1.038074
0.959916
0.606414
0.150294
-0.228574
-0.413483
-0.388600
-0.231373
-0.065928
0.000445
-0.070620
-0.230630
-0.368125
-0.363918
-0.153371
0.232341
0.665887
0.967564
0.977645
0.628643
-0.012971
-0.755568
-1.342430
-1.543364
-1.244369
-0.500590
0.470085
1.353963
1.847474
1.764947
1.109023
0.076839
-1.002161
-1.776246
-1.991058
-1.576728
-0.671603
0.425779
1.359268
1.835800
1.721813
1.082324
0.150669
-0.758138
-1.357881
-1.485572
-1.147404
-0.502673
0.204742
0.739194
0.954908
0.837257
0.491477
0.087322
-0.215343
-0.329141
-0.265612
-0.117081
-0.004326
-0.014355
-0.156125
-0.353927
-0.481754
-0.424141
-0.137005
0.318995
0.789474
1.080513
1.036478
0.610714
-0.100760
-0.879425
-1.454680
-1.600798
-1.224880
-0.411679
0.594193
1.465496
1.903500
1.743901
1.019005
-0.047501
-1.112960
-1.830856
-1.968457
-1.485617
-0.547052
0.535827
1.412452
1.811649
1.629623
0.957581
0.041391
-0.809889
-1.332183
-1.392317
-1.022489
-0.394181
0.255050
0.711954
0.860604
0.712190
0.383788
0.038463
-0.186564
-0.233802
-0.140412
-0.010213
0.043075
-0.044667
-0.252484
-0.479240
-0.587785
-0.470076
-0.105163
0.416358
0.914880
1.185690
1.080941
0.577349
-0.199112
-1.004905
-1.558987
-1.643782
-1.189996
-0.312354
0.719726
1.568916
1.944998
1.707503
0.918722
-0.173067
-1.215477
-1.870861
-1.930552
-1.384392
-0.421472
0.637424
1.450959
1.772242
1.527472
0.832007
-0.059271
-0.846890
-1.291281
-1.289257
-0.896940
-0.294471
0.290540
0.669563
0.756649
0.586686
0.285045
0.004489
-0.142691
-0.128971
-0.014974
0.087548
0.075527
-0.090015
-0.358176
-0.604593
-0.684547
-0.501001
-0.058348
0.522894
1.040128
1.281439
1.110334
0.529072
-0.306475
-1.130028
-1.653706
-1.671639
-1.140266
-0.204181
0.844704
1.662592
1.971313
1.656328
0.809756
-0.297881
-1.308094
-1.895632
-1.877941
-1.274650
-0.296842
0.728969
1.474180
1.718202
1.416972
0.707580
-0.149728
-0.868559
-1.235821
-1.178015
-0.772737
-0.205115
0.310653
0.612691
0.644684
0.462726
0.196805
-0.014064
-0.084417
-0.016300
0.108723
0.174657
0.092518
-0.149683
-0.471534
-0.728008
-0.770513
-0.516428
0.002704
0.636923
1.163241
1.366248
1.124193
0.466646
-0.421156
-1.252820
-1.737345
-1.683928
-1.076476
-0.088865
0.967156
1.745047
1.982031
1.591184
0.693825
-0.419974
-1.389352
-1.904777
-1.811452
-1.158122
-0.175128
0.809017
1.481751
1.650380
1.299864
0.586265
-0.228554
-0.874553
-1.166676
-1.060347
-0.651839
-0.127524
0.315071
0.542235
0.526474
0.342265
0.120461
-0.016904
-0.012660
0.102434
0.228729
0.249743
0.093780
-0.222729
-0.590773
-0.847540
-0.844328
-0.516112
0.077028
0.756647
1.282280
1.438780
1.122300
0.391056
-0.541347
-1.371347
-1.808583
-1.680457
-0.999631
0.031773
1.085152
1.814980
1.976983
1.513097
0.572757
-0.537420
-1.457969
-1.898152
-1.732136
-1.036644
-0.058250
0.876307
1.473550
1.569846
1.177997
0.469973
-0.294506
-0.864779
-1.084938
-0.938108
-0.536152
-0.062920
0.303724
0.459305
0.403883
0.227201
0.057215
-0.003987
0.071449
0.225357
0.343152
0.311620
0.079294
-0.308003
-0.714009
-0.961303
-0.904827
-0.500060
0.163454
0.880177
1.395366
1.497891
1.104683
0.303493
-0.665152
-1.483738
-1.866298
-1.661279
-0.910944
0.155833
1.196830
1.871288
1.956247
1.423299
0.448463
-0.648367
-1.512862
-1.875861
-1.641242
-0.912134
0.051949
0.929776
1.449709
1.477871
1.053291
0.360539
-0.346544
-0.839390
-0.991895
-0.813226
-0.427501
-0.012323
0.276792
0.365210
0.278845
0.119350
0.008066
0.024485
0.166582
0.350533
0.450186
0.359313
0.049288
-0.404158
-0.839301
-1.067504
-0.951057
-0.468523
0.260617
1.005566
1.500716
1.542650
1.071622
0.205338
-0.790618
-1.588220
-1.909578
-1.626698
-0.811812
0.281357
1.300429
1.913084
1.920152
1.323207
0.322901
-0.751066
-1.553167
-1.838257
-1.540204
-0.786555
0.153732
0.968583
1.410602
1.375904
0.927713
0.259689
-0.383846
-0.798787
-0.889015
-0.687670
-0.327599
0.023470
0.234698
0.261433
0.153331
0.020412
-0.026212
0.068062
0.271239
0.475985
0.548144
0.392070
0.004235
-0.509680
-0.964673
-1.164467
-0.982287
-0.422000
0.366985
1.130837
1.596668
1.572350
1.023637
0.098139
-0.915767
-1.683147
-1.937742
-1.577259
-0.703800
0.406365
1.394315
1.939708
1.869266
1.214398
0.198053
-0.843897
-1.578247
-1.785932
-1.430616
-0.661886
0.245492
0.992115
1.356847
1.265554
0.803245
0.169014
-0.405826
-0.743609
-0.777920
-0.563421
-0.238022
0.043895
0.178108
0.149611
0.029320
-0.068052
-0.045077
0.126056
0.383770
0.599737
0.635481
0.409374
-0.055155
-0.622902
-1.088146
-1.250662
-0.998027
-0.361225
0.480882
1.254012
1.681709
1.586522
0.961485
-0.016414
-1.038626
-1.767020
-1.950346
-1.513741
-0.588610
0.528888
1.477007
1.950741
1.804392
1.098589
0.075886
-0.925395
-1.587706
-1.719712
-1.314206
-0.540095
0.325784
1.000000
1.289291
1.148561
0.681848
0.089942
-0.412136
-0.674729
-0.660363
-0.442438
-0.160183
0.048628
0.107913
0.031508
-0.091230
-0.144647
-0.048233
0.197554
0.502400
0.719835
0.710819
0.410952
-0.127945
-0.742041
-1.207774
-1.324732
-0.998027
-0.287155
0.600510
1.373151
1.754499
1.584944
0.886147
-0.136512
-1.157256
-1.838518
-1.947190
-1.437146
-0.468059
0.646991
1.547202
1.946008
1.726552
0.977605
-0.041671
-0.994276
-1.581397
-1.640641
-1.192809
-0.423102
0.393339
0.992115
1.209000
1.026769
0.565437
0.023722
-0.402676
-0.593230
-0.538196
-0.326629
-0.095309
0.037595
0.025220
-0.091014
-0.206420
-0.208165
-0.035629
0.281428
0.625259
0.834388
0.772971
0.396779
-0.212986
-0.865217
-1.321671
-1.385508
-0.982287
-0.200959
0.723983
1.486374
1.813889
1.567640
0.798810
-0.260264
-1.269788
-1.896513
-1.928325
-1.348682
-0.344049
0.758813
1.603792
1.925583
1.636975
0.853356
-0.152766
-1.049453
-1.559417
-1.549965
-1.068340
-0.312752
0.447095
0.968583
1.117239
0.902101
0.455849
-0.028603
-0.377596
-0.500400
-0.413348
-0.217820
-0.044423
0.010971
-0.068666
-0.216023
-0.314432
-0.257604
-0.007465
0.376354
0.750408
0.941587
0.820955
0.367079
-0.308939
-0.990487
-1.428039
-1.432031
-0.951057
-0.103996
0.849354
1.591895
1.858942
1.534884
0.700852
-0.385717
-1.374445
-1.940090
-1.894047
-1.249745
-0.218535
0.862589
1.645886
1.889790
1.537074
0.727801
-0.255646
-1.090056
-1.522114
-1.449115
-0.942763
-0.210785
0.486201
0.929776
1.015457
0.776522
0.354811
-0.066207
-0.337292
-0.397701
-0.287786
-0.117727
-0.008327
-0.030825
-0.172264
-0.341547
-0.413564
-0.292185
0.035815
0.480837
0.875875
1.039742
0.854017
0.322321
-0.414288
-1.115876
-1.525202
-1.463567
-0.904827
0.002204
0.974646
1.688051
1.888948
1.487191
0.593818
-0.510892
-1.469578
-1.968561
-1.844898
-1.141893
-0.093497
0.956685
1.672818
1.839193
1.428423
0.602919
-0.348689
-1.115445
-1.470076
-1.339681
-0.818057
-0.118809
0.510043
0.876307
0.905258
0.652011
0.263918
-0.088497
-0.282399
-0.286754
-0.163492
-0.027929
0.012408
-0.087133
-0.283942
-0.465607
-0.502252
-0.311363
0.093530
0.593228
0.999680
1.127305
0.871633
0.263209
-0.527374
-1.239407
-1.611627
-1.479619
-0.844328
0.115967
1.097883
1.773324
1.903435
1.425313
0.479396
-0.633815
-1.553686
-1.981479
-1.781652
-1.026830
0.029094
1.039614
1.684165
1.774589
1.312736
0.480680
-0.430427
-1.125220
-1.404125
-1.223389
-0.696189
-0.038276
0.518243
0.809017
0.788379
0.530534
0.184601
-0.095122
-0.213782
-0.169308
-0.042424
0.050158
0.017457
-0.157066
-0.401938
-0.586245
-0.579096
-0.314834
0.164768
0.711754
1.119870
1.202896
0.873527
0.190677
-0.646413
-1.359131
-1.685952
-1.479935
-0.770513
0.235499
1.217121
1.846371
1.902172
1.350228
0.359390
-0.752549
-1.625443
-1.978639
-1.705308
-0.906368
0.147304
1.110071
1.679747
1.696998
1.191838
0.363011
-0.499572
-1.119225
-1.325298
-1.102074
-0.579082
0.029546
0.510673
0.728969
0.666666
0.414006
0.118113
-0.085978
-0.132524
-0.047215
0.073507
0.115302
0.006739
-0.239521
-0.524390
-0.701560
-0.642886
-0.302544
0.248407
0.834547
1.234552
1.265321
0.859668
0.105868
-0.769526
-1.473160
-1.747003
-1.464509
-0.684547
0.358914
1.330480
1.906038
1.885181
1.263118
0.235692
-0.865220
-1.683718
-1.960085
-1.617068
-0.782408
0.259269
1.166943
1.659635
1.607642
1.067635
0.251770
-0.555032
-1.097556
-1.234841
-0.977647
-0.468581
0.083586
0.487451
0.637424
0.542036
0.304264
0.065501
-0.061207
-0.039906
0.077599
0.182473
0.166476
-0.019577
-0.333197
-0.649369
-0.809733
-0.692616
-0.274688
0.343126
0.959670
1.341915
1.313598
0.830275
0.010120
-0.894774
-1.579695
-1.793819
-1.433584
-0.587785
0.484267
1.436172
1.951386
1.852729
1.165358
0.110254
-0.970051
-1.727590
-1.926111
-1.518325
-0.656905
0.363224
1.209333
1.624144
1.507932
0.942086
0.148709
-0.595934
-1.060555
-1.134180
-0.852073
-0.366430
0.122993
0.448945
0.535827
0.416455
0.203039
0.027596
-0.021202
0.062611
0.203166
0.282756
0.202874
-0.061075
-0.436617
-0.774902
-0.909059
-0.727500
-0.231704
0.447433
1.085149
1.440266
1.346963
0.785811
-0.095058
-1.020180
-1.677058
-1.825661
-1.387648
-0.481754
0.609580
1.532531
1.981699
1.805328
1.058489
-0.014946
-1.065390
-1.756369
-1.877253
-1.410636
-0.531837
0.457528
1.236574
1.573836
1.399440
0.817171
0.055455
-0.621632
-1.008805
-1.024901
-0.727330
-0.274240
0.147144
0.395761
0.425779
0.291904
0.111928
0.004995
0.033408
0.173410
0.327505
0.372774
0.223921
-0.117101
-0.548150
-0.899010
-0.997969
-0.746990
-0.174270
0.559683
1.209007
1.528055
1.364892
0.726978
-0.208006
-1.143767
-1.763712
-1.842026
-1.327426
-0.368125
0.732877
1.618035
1.996499
1.743726
0.944197
-0.137934
-1.149732
-1.769601
-1.814280
-1.295699
-0.409178
0.540694
1.248235
1.509503
1.283876
0.694860
-0.026523
-0.631721
-0.943122
-0.908729
-0.605387
-0.193464
0.155659
0.328738
0.309017
0.170347
0.032367
-0.001945
0.101760
0.290744
0.448656
0.451108
0.229285
-0.186771
-0.666037
-1.019736
-1.075063
-0.750776
-0.103292
0.678105
1.329288
1.603898
1.367101
0.654704
-0.326944
-1.263586
-1.838291
-1.842658
-1.253867
-0.248690
0.852214
1.691339
1.995552
1.668893
0.824284
-0.256770
-1.221748
-1.767076
-1.738186
-1.175327
-0.290862
0.611412
1.244133
1.432160
1.163064
0.577082
-0.095931
-0.626041
-0.864541
-0.787495
-0.488165
-0.125377
0.148404
0.248933
0.187381
0.053702
-0.034389
0.006885
0.182777
0.412762
0.564708
0.516522
0.218881
-0.268988
-0.788419
-1.135175
-1.139125
-0.738801
-0.019889
0.800831
1.444098
1.666597
1.353556
0.570128
-0.449995
-1.377747
-1.899618
-1.827545
-1.168131
-0.125333
0.965708
1.751284
1.978873
1.582011
0.700642
-0.369580
-1.280302
-1.748835
-1.650172
-1.051418
-0.178754
0.668565
1.224332
1.343026
1.038908
0.465694
-0.151674
-0.604684
-0.774303
-0.663112
-0.377515
-0.071052
0.125493
0.157605
0.062791
-0.056193
-0.087287
0.031346
0.275181
0.537541
0.673831
0.567984
0.192874
-0.362453
-0.913366
-1.243508
-1.189144
-0.711252
0.074623
0.925926
1.551624
1.715165
1.324470
0.474584
-0.575219
-1.484450
-1.946726
-1.796926
-1.071570
0.000000
